1.396440
stop
0.013000
1.241515
stop
0.000000
1.340221
stop
0.000000
1.640812
stop
0.000000
1.507159
stop
0.000000
1.425033
0.359205
0.223889
0.168065
0.099952
0.099983
stop
0.000000
1.700449
0.200835
0.170315
0.146012
0.096291
0.065386
0.065386
stop
0.016000
1.740542
0.278542
0.203513
0.136209
0.132819
0.129488
0.100302
0.096575
0.078179
0.075645
0.075118
0.075023
stop
0.016000
1.446800
0.137601
0.067638
0.064725
0.080825
0.088260
0.088949
0.074997
0.075005
stop
0.016000
1.471053
0.594717
0.399903
0.258290
0.239852
0.175656
0.150033
0.149995
stop
0.015000
1.022009
stop
0.000000
1.485298
stop
0.000000
1.176898
stop
0.000000
1.043872
stop
0.000000
0.966343
stop
0.000000
1.501896
0.429413
0.267904
0.231799
0.188091
0.189217
0.162615
0.158987
0.130320
0.119757
0.119721
stop
0.015000
1.267029
0.453877
0.283388
0.259414
0.160146
0.130900
0.112288
0.105946
0.089666
0.089662
stop
0.015000
1.398719
0.819562
0.451749
0.290427
0.170689
0.170482
0.170481
stop
0.000000
1.066262
0.256282
0.214015
0.189064
0.179675
0.200779
0.201287
0.201201
stop
0.015000
1.369771
0.256459
0.249418
0.265520
0.288083
0.264171
0.264178
stop
0.015000
