1.396440
stop
0.000000
1.241515
stop
0.003000
1.340221
stop
0.000000
1.640812
stop
0.000000
1.507159
stop
0.016000
1.425033
0.499486
0.254882
0.159626
0.094473
0.052638
0.032883
0.023377
0.018588
0.015596
0.013497
0.011924
0.010693
0.009702
0.008883
0.008195
0.007609
0.007102
0.006659
0.006269
0.005923
0.005614
0.005335
0.005084
0.004855
0.004646
0.004454
0.004278
0.004115
0.003964
0.003824
0.003694
0.003572
0.003458
0.003351
0.003251
0.003157
stop
0.173000
1.700449
0.680672
0.267093
0.138280
0.064474
0.034906
0.024251
0.019169
0.015986
0.013765
0.012113
0.010831
0.009804
0.008960
0.008254
0.007654
0.007138
0.006688
0.006292
0.005942
0.005629
0.005348
0.005094
0.004864
0.004654
0.004461
0.004284
0.004120
0.003969
0.003829
0.003698
0.003576
0.003462
0.003355
0.003254
0.003160
stop
0.157000
1.740542
0.691882
0.255927
0.085130
0.035672
0.024645
0.019302
0.016007
0.013732
0.012051
0.010753
0.009717
0.008870
0.008164
0.007564
0.007050
0.006602
0.006210
0.005862
0.005552
0.005274
0.005024
0.004796
0.004589
0.004399
0.004224
0.004063
0.003914
0.003776
0.003647
0.003527
0.003415
0.003310
0.003211
stop
0.188000
1.446800
0.579877
0.196321
0.109804
0.075343
0.057416
0.042990
0.034617
0.027157
0.019031
0.013761
0.011402
0.010010
0.009016
0.008240
0.007607
0.007075
0.006619
0.006222
0.005873
0.005563
0.005286
0.005036
0.004810
0.004603
0.004415
0.004241
0.004081
0.003933
0.003796
0.003668
0.003548
0.003436
0.003331
0.003233
stop
0.141000
1.471053
0.338164
0.152804
0.109048
0.090963
0.077448
0.062746
0.047781
0.036285
0.026978
0.018364
0.013319
0.011070
0.009726
0.008767
0.008021
0.007414
0.006904
0.006467
0.006087
0.005752
0.005455
0.005188
0.004948
0.004729
0.004530
0.004348
0.004180
0.004025
0.003881
0.003748
0.003623
0.003507
0.003398
0.003296
0.003200
stop
0.157000
1.022009
stop
0.000000
1.485298
stop
0.000000
1.176898
stop
0.000000
1.043872
stop
0.000000
0.966343
stop
0.016000
1.501896
0.752976
0.334808
0.155030
0.091251
0.054870
0.034056
0.025032
0.020278
0.017173
0.014943
0.013250
0.011916
0.010834
0.009937
0.009181
0.008535
0.007976
0.007486
0.007055
0.006671
0.006327
0.006018
0.005738
0.005483
0.005250
0.005036
0.004840
0.004658
0.004489
0.004333
0.004187
0.004050
0.003922
0.003802
0.003690
0.003584
0.003483
0.003389
stop
0.190000
1.267029
0.405507
0.218269
0.137190
0.089478
0.061537
0.045885
0.034420
0.024123
0.018415
0.015551
0.013620
0.012170
0.011023
0.010086
0.009304
0.008638
0.008065
0.007565
0.007125
0.006735
0.006386
0.006072
0.005788
0.005529
0.005293
0.005077
0.004878
0.004694
0.004523
0.004365
0.004217
0.004079
0.003950
0.003829
0.003715
0.003608
0.003507
0.003411
stop
0.157000
1.398719
0.505346
0.257242
0.144712
0.082120
0.058982
0.048228
0.040445
0.031866
0.021417
0.015676
0.013440
0.011958
0.010827
0.009915
0.009156
0.008511
0.007956
0.007471
0.007044
0.006664
0.006324
0.006018
0.005740
0.005488
0.005257
0.005045
0.004850
0.004669
0.004502
0.004346
0.004201
0.004065
0.003938
0.003818
0.003706
0.003600
0.003500
stop
0.157000
1.066262
0.420871
0.230395
0.135462
0.097607
0.076109
0.065774
0.058318
0.050287
0.039830
0.027558
0.018562
0.014469
0.012331
0.010919
0.009872
0.009046
0.008368
0.007797
0.007307
0.006880
0.006503
0.006169
0.005868
0.005597
0.005351
0.005127
0.004921
0.004732
0.004557
0.004394
0.004244
0.004103
0.003972
0.003848
0.003733
0.003624
0.003522
0.003425
stop
0.173000
1.369771
0.560627
0.281837
0.179502
0.116160
0.076301
0.051006
0.033075
0.023300
0.018144
0.015194
0.013214
0.011754
0.010615
0.009694
0.008930
0.008285
0.007731
0.007249
0.006826
0.006452
0.006117
0.005817
0.005545
0.005298
0.005073
0.004866
0.004676
0.004501
0.004338
0.004187
0.004046
0.003915
0.003792
0.003676
0.003567
0.003465
0.003368
stop
0.161000
