1.396440
stop
0.000000
1.241515
stop
0.000000
1.340221
stop
0.000000
1.640812
stop
0.000000
1.507159
stop
0.000000
1.425033
0.731410
0.408687
0.347960
0.285211
0.205562
0.190335
0.175750
0.174442
0.169627
0.081310
0.079164
0.063293
0.059300
0.050865
0.035926
0.036126
0.034960
0.026110
0.011741
0.012141
0.008369
0.003958
0.004078
0.003529
0.003168
0.003099
stop
0.031000
1.700449
0.907961
0.547074
0.324351
0.204854
0.123542
0.086660
0.071711
0.051451
0.049518
0.034487
0.021161
0.020675
0.015421
0.015157
0.010194
0.010004
0.009837
0.009674
0.009589
stop
0.016000
1.740542
0.965940
0.456345
0.258447
0.201867
0.195809
0.095291
0.082891
0.072880
0.043111
0.026948
0.026707
0.017335
0.014571
0.013751
0.013606
0.013068
0.012925
0.005446
0.004998
0.004904
stop
0.032000
1.446800
0.798640
0.485565
0.215874
0.135767
0.073458
0.065034
0.058395
0.054681
0.044399
0.044173
0.040045
0.039959
stop
0.000000
1.471053
0.619157
0.443765
0.266352
0.222247
0.237419
0.200610
0.095894
0.081373
0.049898
0.034501
0.028064
0.019418
0.017030
0.016589
0.015838
0.015621
0.003292
0.003157
0.002867
0.002693
0.002520
0.002472
stop
0.016000
1.022009
stop
0.000000
1.485298
stop
0.000000
1.176898
stop
0.000000
1.043872
stop
0.000000
0.966343
stop
0.000000
1.501896
0.819321
0.549204
0.461656
0.420350
0.193547
0.164610
0.141586
0.114452
0.108921
0.088406
0.065306
0.057325
0.037731
0.036601
0.030122
0.029966
0.012569
0.012380
0.012313
stop
0.030000
1.267029
0.836176
0.635844
0.464259
0.320559
0.297416
0.210997
0.201946
0.193844
0.160134
0.156932
0.078394
0.075792
0.061321
0.046759
0.021028
0.006581
0.004441
0.004257
0.003999
0.003620
0.003571
stop
0.032000
1.398719
0.694197
0.440760
0.400521
0.292397
0.208776
0.167942
0.138841
0.132262
0.084585
0.078630
0.056903
0.054255
0.052212
0.049028
0.034713
0.034814
0.029651
0.025045
0.024345
0.024095
0.023767
0.023614
0.023285
0.004673
0.005118
0.005091
stop
0.031000
1.066262
0.572720
0.302745
0.213675
0.223376
0.151469
0.114977
0.114730
0.086051
0.063977
0.052681
0.046352
0.046358
stop
0.016000
1.369771
0.811622
0.425124
0.302980
0.197815
0.211562
0.117845
0.097465
0.091598
0.080665
0.071948
0.058568
0.056689
0.050101
0.050343
0.050008
0.030650
0.023200
0.023089
0.008195
0.007508
0.002926
0.002895
stop
0.028000
