1.432909
0.301654
0.161887
0.118674
0.072694
0.063845
0.022019
0.021419
0.021082
0.016972
0.015432
0.013996
0.012629
0.000004
0.000000
stop
0.471000
1.614709
0.371507
0.163956
0.144178
0.070438
0.029075
0.003171
0.001325
0.000484
0.000625
0.000775
0.000947
0.000001
0.000000
stop
0.454000
1.349070
0.337494
0.122412
0.072087
0.048740
0.039794
0.029457
0.027037
0.025002
0.024980
stop
0.322000
1.334886
0.482419
0.334630
0.217758
0.187919
0.140817
0.096587
0.088721
0.085860
0.082875
0.078894
0.068726
0.050769
0.047613
0.025444
0.025003
0.025000
stop
0.533000
1.729723
0.626891
0.327646
0.196687
0.137609
0.083510
0.054644
0.025647
0.025009
0.025002
stop
0.329000
