1.432909
1.155358
0.956730
0.831739
0.675068
0.584583
0.527560
0.457135
0.420827
0.393376
0.344108
0.308004
0.279988
0.250423
0.201204
0.197408
0.184109
0.154370
0.140784
0.128621
0.124929
0.116426
0.107619
0.104795
0.098298
0.088519
0.086684
0.085255
0.083911
0.082153
0.079578
0.078238
0.077133
0.069797
0.063477
0.062909
0.062019
0.061161
0.060498
0.059614
0.054087
0.053494
0.052494
0.051060
0.048434
0.047900
0.042531
0.037925
0.032174
0.031827
0.031032
0.030703
0.024419
0.022298
0.021913
0.021683
0.021411
0.021103
0.020907
0.020750
0.020563
0.017548
0.017329
0.016562
0.016319
0.015901
0.015720
0.015542
0.015415
0.015247
0.015023
0.013958
0.013833
0.013736
stop
2.322000
1.614709
1.358267
1.118174
0.898780
0.772263
0.655037
0.534646
0.465635
0.400556
0.384659
0.339264
0.299961
0.273455
0.249321
0.222620
0.207247
0.201486
0.194035
0.188780
0.166188
0.158417
0.151074
0.148336
0.145883
0.144756
0.128152
0.122009
0.116003
0.109578
0.106989
0.094114
0.086753
0.084478
0.082065
0.077604
0.069372
0.060887
0.053623
0.050811
0.045815
0.044999
0.044154
0.042430
0.041398
0.036271
0.035583
0.035132
0.034463
0.033711
0.032868
0.032574
0.031811
0.031472
0.031179
0.030527
0.029885
0.029454
0.029126
0.028700
0.028295
0.027672
0.027207
0.027057
0.021039
0.020739
0.017142
0.016985
0.015331
0.014944
0.014638
0.014416
0.014215
0.013464
0.013261
0.013097
0.012844
0.012676
0.012475
0.012353
0.012155
0.012006
0.011895
0.011418
0.011176
0.010991
0.010830
0.010713
0.010562
0.010288
0.010181
0.010118
stop
2.823000
1.349070
1.216924
0.996415
0.738889
0.619707
0.527246
0.487875
0.427823
0.371105
0.341988
0.308283
0.273960
0.244933
0.221480
0.209916
0.197851
0.168879
0.157074
0.145939
0.142351
0.131256
0.108935
0.101775
0.098780
0.097131
0.093522
0.088983
0.087749
0.078235
0.071015
0.063720
0.062000
0.060733
0.057455
0.056093
0.052391
0.051511
0.046516
0.045756
0.037592
0.036749
0.036157
0.035685
0.034757
0.033400
0.026458
0.024738
0.024041
0.023145
0.020771
0.020345
0.019807
0.019353
0.018862
0.017845
0.017190
0.016655
0.016252
0.015812
0.015540
0.015142
0.014824
0.014518
0.014392
0.014224
0.013798
0.013506
0.013137
0.012839
0.012633
0.012408
0.012220
0.012063
0.011851
0.011691
0.011482
0.011341
0.011152
0.011031
0.010824
0.010671
0.010530
0.010375
0.010263
0.010058
0.009936
0.009860
stop
2.744000
1.334886
1.186673
1.020984
0.909919
0.779854
0.677482
0.617088
0.553727
0.505877
0.425181
0.358286
0.335985
0.298212
0.250603
0.224258
0.209594
0.195178
0.171463
0.155094
0.138039
0.133917
0.125761
0.115061
0.094021
0.089820
0.084999
0.078497
0.067007
0.065473
0.055464
0.051018
0.049946
0.042353
0.035349
0.032300
0.030672
0.029459
0.028594
0.027978
0.025790
0.023949
0.023582
0.022422
0.021370
0.020621
0.019708
0.019366
0.018789
0.018539
0.017827
0.017409
0.017036
0.016891
0.016533
0.015923
0.015732
0.015520
0.015203
0.014977
0.014658
0.014474
0.014218
0.013944
0.013800
0.013525
0.013280
0.012991
0.012708
0.012426
0.012199
0.012031
0.011843
0.011712
0.011426
0.011299
0.010972
0.010812
0.010677
0.010602
stop
2.496000
1.729723
1.473074
1.266627
1.015129
0.893479
0.741804
0.643776
0.517767
0.458258
0.400677
0.351290
0.310624
0.274008
0.256427
0.235921
0.210872
0.203298
0.196198
0.185507
0.174609
0.163990
0.158794
0.152278
0.148953
0.138589
0.127466
0.122199
0.112006
0.105674
0.100908
0.096578
0.091541
0.089559
0.088126
0.086629
0.085071
0.084007
0.077518
0.072208
0.066962
0.060999
0.060396
0.058373
0.057109
0.055352
0.053576
0.052647
0.052002
0.050983
0.050142
0.049990
0.049729
0.049465
0.048230
0.044146
0.043588
0.043267
0.043089
0.042649
0.040712
0.040363
0.040220
0.039834
0.038747
0.038510
0.038152
0.037859
0.037521
0.037182
0.036715
0.036175
0.036023
0.035795
0.035517
0.035339
0.035177
0.034680
0.034302
0.034216
stop
2.464000
