1.432909
1.180634
0.955323
0.792699
0.682147
0.599731
0.533466
0.477881
0.429958
0.387671
0.349383
0.313836
0.280528
0.249914
0.222920
0.200125
0.181339
0.165843
0.152845
0.141703
0.131934
0.123167
0.115115
0.107552
0.100306
0.093261
0.086361
0.079616
0.073098
0.066922
0.061208
0.056045
0.051472
0.047479
0.044019
0.041026
0.038431
0.036171
0.034189
0.032437
0.030879
0.029482
0.028222
0.027078
0.026034
0.025076
0.024194
0.023377
0.022619
0.021913
0.021252
0.020634
0.020052
0.019505
0.018988
0.018500
0.018037
0.017598
0.017180
0.016783
0.016404
0.016043
0.015698
0.015367
0.015051
0.014748
0.014457
0.014178
0.013909
0.013651
0.013402
0.013162
0.012931
0.012708
0.012493
0.012284
0.012083
0.011888
0.011700
0.011518
0.011341
0.011169
0.011003
0.010842
0.010685
0.010533
0.010385
0.010241
0.010101
0.009965
0.009833
0.009704
0.009578
0.009456
0.009337
0.009220
0.009107
0.008996
0.008888
0.008783
0.008680
0.008579
0.008481
stop
16.257000
1.614709
1.381024
1.135219
0.903780
0.720420
0.587901
0.490328
0.417776
0.364367
0.323772
0.291421
0.264694
0.242046
0.222485
0.205324
0.190063
0.176324
0.163822
0.152331
0.141681
0.131742
0.122433
0.113718
0.105615
0.098181
0.091480
0.085545
0.080358
0.075851
0.071937
0.068521
0.065517
0.062851
0.060462
0.058300
0.056325
0.054503
0.052806
0.051210
0.049694
0.048240
0.046830
0.045448
0.044078
0.042706
0.041317
0.039896
0.038431
0.036912
0.035336
0.033705
0.032032
0.030340
0.028663
0.027038
0.025504
0.024086
0.022802
0.021653
0.020634
0.019732
0.018933
0.018221
0.017584
0.017010
0.016489
0.016014
0.015577
0.015173
0.014797
0.014446
0.014117
0.013808
0.013516
0.013239
0.012976
0.012726
0.012487
0.012259
0.012041
0.011831
0.011630
0.011436
0.011250
0.011070
0.010897
0.010730
0.010568
0.010411
0.010259
0.010113
0.009970
0.009832
0.009698
0.009567
0.009440
0.009317
0.009197
0.009080
0.008967
0.008856
0.008748
0.008643
0.008540
0.008440
0.008342
stop
16.624000
1.349070
1.128591
0.918255
0.738779
0.605553
0.512007
0.442785
0.388456
0.344196
0.307041
0.275018
0.246918
0.222089
0.200218
0.181134
0.164644
0.150465
0.138253
0.127665
0.118398
0.110196
0.102858
0.096230
0.090205
0.084717
0.079728
0.075212
0.071137
0.067460
0.064122
0.061061
0.058211
0.055512
0.052905
0.050336
0.047761
0.045146
0.042479
0.039778
0.037099
0.034527
0.032151
0.030032
0.028192
0.026614
0.025261
0.024094
0.023076
0.022177
0.021374
0.020649
0.019989
0.019383
0.018822
0.018302
0.017815
0.017359
0.016930
0.016525
0.016142
0.015778
0.015432
0.015103
0.014788
0.014488
0.014200
0.013924
0.013660
0.013406
0.013162
0.012927
0.012700
0.012482
0.012271
0.012068
0.011872
0.011681
0.011498
0.011320
0.011147
0.010980
0.010818
0.010660
0.010508
0.010359
0.010215
0.010075
0.009939
0.009806
0.009677
0.009551
0.009429
0.009310
0.009193
0.009080
0.008969
0.008861
0.008756
0.008653
0.008553
0.008454
stop
15.864000
1.334886
1.132779
0.962701
0.819416
0.703897
0.611894
0.535806
0.470326
0.412897
0.361778
0.315671
0.274135
0.237398
0.205673
0.178697
0.155901
0.136727
0.120690
0.107319
0.096132
0.086682
0.078608
0.071645
0.065604
0.060347
0.055766
0.051768
0.048272
0.045204
0.042499
0.040102
0.037965
0.036049
0.034323
0.032759
0.031336
0.030034
0.028839
0.027738
0.026720
0.025775
0.024896
0.024076
0.023309
0.022590
0.021914
0.021278
0.020678
0.020112
0.019575
0.019067
0.018585
0.018126
0.017690
0.017274
0.016877
0.016498
0.016136
0.015789
0.015457
0.015138
0.014832
0.014538
0.014256
0.013985
0.013723
0.013471
0.013228
0.012994
0.012767
0.012549
0.012338
0.012133
0.011936
0.011744
0.011559
0.011379
0.011205
0.011036
0.010872
0.010713
0.010558
0.010408
0.010262
0.010120
0.009981
0.009847
0.009716
0.009588
0.009464
0.009343
0.009225
0.009109
0.008997
0.008887
0.008780
0.008676
0.008574
0.008474
stop
15.504000
1.729723
1.411205
1.164828
0.963452
0.792634
0.651641
0.544013
0.465571
0.406250
0.359263
0.320975
0.289316
0.262931
0.240812
0.222158
0.206311
0.192718
0.180920
0.170547
0.161306
0.152976
0.145387
0.138413
0.131957
0.125945
0.120322
0.115048
0.110098
0.105457
0.101121
0.097091
0.093367
0.089948
0.086823
0.083971
0.081364
0.078971
0.076757
0.074688
0.072732
0.070859
0.069041
0.067253
0.065474
0.063685
0.061875
0.060038
0.058180
0.056318
0.054479
0.052697
0.051007
0.049438
0.048008
0.046721
0.045571
0.044548
0.043636
0.042820
0.042084
0.041418
0.040809
0.040249
0.039730
0.039246
0.038792
0.038365
0.037959
0.037572
0.037202
0.036847
0.036504
0.036171
0.035847
0.035530
0.035220
0.034914
0.034611
0.034311
0.034011
0.033710
0.033407
0.033100
0.032788
0.032468
0.032138
0.031797
0.031441
0.031068
0.030673
0.030253
0.029802
0.029316
0.028788
0.028211
0.027576
0.026876
0.026101
0.025243
0.024296
0.023256
0.022129
0.020925
0.019667
0.018389
0.017129
0.015927
0.014815
0.013813
0.012930
0.012164
0.011504
0.010937
0.010449
0.010028
0.009663
0.009343
0.009061
0.008810
0.008585
0.008382
0.008197
0.008028
0.007873
0.007729
0.007595
0.007469
0.007352
0.007241
0.007136
0.007036
stop
20.182000
